0.001 0.04423579473
0.00433411137046 0.0437326898471
0.00766822274091 0.0432585391462
0.0110023341114 0.0428046779316
0.0143364454818 0.0423664926789
0.0176705568523 0.0419413308224
0.0210046682227 0.0415276998615
0.0243387795932 0.0411242150356
0.0276728909637 0.0407298008793
0.0310070023341 0.0403450830004
0.0343411137046 0.0399687535998
0.037675225075 0.0395987938957
0.0410093364455 0.0392358408089
0.0443434478159 0.0388809430964
0.0476775591864 0.0385305055066
0.0510116705569 0.0381874256726
0.0543457819273 0.0378497201884
0.0576798932978 0.0375168084103
0.0610140046682 0.0371903147891
0.0643481160387 0.0368672358699
0.0676822274091 0.0365507852283
0.0710163387796 0.0362371122657
0.0743504501501 0.0359297564172
0.0776845615205 0.0356250825214
0.081018672891 0.0353259295623
0.0843527842614 0.0350298660618
0.0876868956319 0.0347380918924
0.0910210070023 0.0344504065909
0.0943551183728 0.0341655666939
0.0976892297432 0.0338856166343
0.101023341114 0.033607594927
0.104357452484 0.0333345617411
0.107691563855 0.0330639265561
0.111025675225 0.0327964069117
0.114359786596 0.0325329568352
0.117693897966 0.032271214916
0.121028009336 0.0320137635165
0.124362120707 0.0317589181003
0.127696232077 0.0315061774555
0.131030343448 0.0312575025848
0.134364454818 0.0310107785055
0.137698566189 0.0307665820394
0.141032677559 0.0305258655505
0.14436678893 0.0302869439516
0.1477009003 0.0300506802895
0.151035011671 0.0298175667584
0.154369123041 0.0295860269503
0.157703234411 0.0293571393953
0.161037345782 0.0291311823524
0.164371457152 0.0289067706312
0.167705568523 0.0286847303148
0.171039679893 0.0284655076744
0.174373791264 0.0282479793296
0.177707902634 0.0280323268852
0.181042014005 0.0278194035389
0.184376125375 0.0276085164531
0.187710236746 0.0273988994477
0.191044348116 0.027191969094
0.194378459486 0.0269873778385
0.197712570857 0.0267836847238
0.201046682227 0.0265826149263
0.204380793598 0.0263836648047
0.207714904968 0.026186128142
0.211049016339 0.0259900825434
0.214383127709 0.0257963019044
0.21771723908 0.0256046939852
0.22105135045 0.025413887894
0.224385461821 0.0252254081762
0.227719573191 0.0250388096806
0.231053684562 0.024853698966
0.234387795932 0.0246696525753
0.237721907302 0.0244877686536
0.241056018673 0.0243078871005
0.244390130043 0.0241290049169
0.247724241414 0.0239515366542
0.251058352784 0.0237758581664
0.254392464155 0.0236022361005
0.257726575525 0.0234293441293
0.261060686896 0.0232581474942
0.264394798266 0.0230884709563
0.267728909637 0.0229206945895
0.271063021007 0.022753505449
0.274397132377 0.0225881502454
0.277731243748 0.0224241415039
0.281065355118 0.0222619625372
0.284399466489 0.0221003330017
0.287733577859 0.0219404122726
0.29106768923 0.0217817984642
0.2944018006 0.0216249343055
0.297735911971 0.0214687244595
0.301070023341 0.0213138531078
0.304404134712 0.0211604992432
0.307738246082 0.0210085554806
0.311072357452 0.0208576282027
0.314406468823 0.0207075619096
0.317740580193 0.0205591481419
0.321074691564 0.0204119864057
0.324408802934 0.0202660414372
0.327742914305 0.0201206742887
0.331077025675 0.0199768615815
0.334411137046 0.0198341610245
0.337745248416 0.0196930093032
0.341079359787 0.0195522451515
0.344413471157 0.0194128026338
0.347747582528 0.0192747423282
0.351081693898 0.0191376548651
0.354415805268 0.0190017445837
0.357749916639 0.0188663817415
0.361084028009 0.0187324324681
0.36441813938 0.0185994898595
0.36775225075 0.0184678984486
0.371086362121 0.0183367782935
0.374420473491 0.0182066754119
0.377754584862 0.018078013316
0.381088696232 0.0179500272567
0.384422807603 0.0178234011395
0.387756918973 0.0176970399128
0.391091030343 0.0175720018719
0.394425141714 0.0174481610319
0.397759253084 0.017325000337
0.401093364455 0.0172029835641
0.404427475825 0.0170813826529
0.407761587196 0.0169610310647
0.411095698566 0.0168417119157
0.414429809937 0.0167231681411
0.417763921307 0.0166055474893
0.421098032678 0.0164884590965
0.424432144048 0.0163725911607
0.427766255418 0.0162575973878
0.431100366789 0.0161433924503
0.434434478159 0.0160300424
0.43776858953 0.0159172306285
0.4411027009 0.0158055968496
0.444436812271 0.01569479556
0.447770923641 0.0155846660382
0.451105035012 0.0154754639042
0.454439146382 0.015366704371
0.457773257753 0.0152590679353
0.461107369123 0.0151523297664
0.464441480493 0.0150460264201
0.467775591864 0.0149408522787
0.471109703234 0.0148359317319
0.474443814605 0.0147320684312
0.477777925975 0.0146292671078
0.481112037346 0.0145266565379
0.484446148716 0.0144253066789
0.487780260087 0.0143241105763
0.491114371457 0.0142238810465
0.494448482828 0.0141247692669
0.497782594198 0.0140259320881
0.501116705569 0.0139279492854
0.504450816939 0.0138305475852
0.507784928309 0.0137337328873
0.51111903968 0.0136379465525
0.51445315105 0.013542800306
0.517787262421 0.0134479392869
0.521121373791 0.0133542320673
0.524455485162 0.0132606371193
0.527789596532 0.0131680939595
0.531123707903 0.0130764656313
0.534457819273 0.0129850355584
0.537791930644 0.0128943834135
0.541126042014 0.0128042982912
0.544460153384 0.0127147459485
0.547794264755 0.0126261460208
0.551128376125 0.0125381741756
0.554462487496 0.0124504742337
0.557796598866 0.012363637733
0.561130710237 0.0122770775016
0.564464821607 0.0121914037969
0.567798932978 0.012106553551
0.571133044348 0.0120220621442
0.574467155719 0.0119379268828
0.577801267089 0.0118546771374
0.581135378459 0.0117716011583
0.58446948983 0.0116895662049
0.5878036012 0.0116082105171
0.591137712571 0.0115270859549
0.594471823941 0.0114463900875
0.597805935312 0.0113665197279
0.601140046682 0.0112868805156
0.604474158053 0.0112081923995
0.607808269423 0.0111301591112
0.611142380794 0.0110523046035
0.614476492164 0.0109748841992
0.617810603535 0.0108982253972
0.621144714905 0.0108218290889
0.624478826275 0.0107463575819
0.627812937646 0.01067148255
0.631147049016 0.0105967881523
0.634481160387 0.0105224836062
0.637815271757 0.0104488944942
0.641149383128 0.0103755573343
0.644483494498 0.0103031768968
0.647817605869 0.010231303735
0.651151717239 0.0101596310615
0.65448582861 0.0100883720969
0.65781993998 0.0100176665666
0.66115405135 0.00994721457989
0.664488162721 0.00987780424272
0.667822274091 0.00980878408274
0.671156385462 0.00974004013506
0.674490496832 0.00967169523929
0.677824608203 0.00960371920337
0.681158719573 0.00953613061189
0.684492830944 0.00946943109423
0.687826942314 0.00940312231926
0.691161053685 0.00933725290128
0.694495165055 0.00927165928922
0.697829276425 0.00920626673566
0.701163387796 0.00914151961328
0.704497499166 0.00907728515549
0.707831610537 0.00901362431155
0.711165721907 0.00895047203812
0.714499833278 0.00888750628258
0.717833944648 0.00882483925036
0.721168056019 0.00876256543406
0.724502167389 0.00870063477632
0.72783627876 0.00863968795527
0.73117039013 0.00857896652004
0.734504501501 0.00851858687674
0.737838612871 0.00845853436316
0.741172724241 0.00839855577013
0.744506835612 0.00833922798821
0.747840946982 0.00828045321907
0.751175058353 0.00822214583518
0.754509169723 0.00816427821119
0.757843281094 0.00810661519713
0.761177392464 0.00804923965855
0.764511503835 0.007992061898
0.767845615205 0.00793535226541
0.771179726576 0.00787949400279
0.774513837946 0.00782380428038
0.777847949316 0.00776857412525
0.781182060687 0.00771357024199
0.784516172057 0.00765871561113
0.787850283428 0.00760418399078
0.791184394798 0.00755017112046
0.794518506169 0.00749686772564
0.797852617539 0.00744375725978
0.80118672891 0.00739097861382
0.80452084028 0.00733850916153
0.807854951651 0.00728609391335
0.811189063021 0.00723406010775
0.814523174391 0.00718263921945
0.817857285762 0.00713172708151
0.821191397132 0.00708106024012
0.824525508503 0.00703069434592
0.827859619873 0.00698059892014
0.831193731244 0.00693054325363
0.834527842614 0.0068808666516
0.837861953985 0.00683186504665
0.841196065355 0.00678326153205
0.844530176726 0.00673490912914
0.847864288096 0.0066868571263
0.851198399466 0.00663904236606
0.854532510837 0.00659126818894
0.857866622207 0.00654383257977
0.861200733578 0.00649707091314
0.864534844948 0.00645069543145
0.867868956319 0.00640453480086
0.871203067689 0.00635869572373
0.87453717906 0.0063130771103
0.87787129043 0.00626750801093
0.881205401801 0.00622217012197
0.884539513171 0.00617751318659
0.887873624542 0.00613328713863
0.891207735912 0.00608920190381
0.894541847282 0.00604547884274
0.897875958653 0.00600197434428
0.901210070023 0.0059585355669
0.904544181394 0.00591516011348
0.907878292764 0.00587248116466
0.911212404135 0.00583032794827
0.914546515505 0.00578821082917
0.917880626876 0.00574652209393
0.921214738246 0.00570504702984
0.924548849617 0.00566365672322
0.927882960987 0.00562227671987
0.931217072357 0.00558142430522
0.934551183728 0.00554115618682
0.937885295098 0.0055010360613
0.941219406469 0.0054611928854
0.944553517839 0.00542164379173
0.94788762921 0.00538220801641
0.95122174058 0.00534281366734
0.954555851951 0.00530364577761
0.957889963321 0.00526511293916
0.961224074692 0.00522691708385
0.964558186062 0.00518882163274
0.967892297432 0.00515111248051
0.971226408803 0.00511356048547
0.974560520173 0.00507607861246
0.977894631544 0.00503862769291
0.981228742914 0.00500165333996
0.984562854285 0.00496525889739
0.987896965655 0.00492894902279
0.991231077026 0.00489289454072
0.994565188396 0.00485714645588
0.997899299767 0.00482146907091
1.00123341114 0.00478583976191
1.00456752251 0.00475033498069
1.00790163388 0.00471545834272
1.01123574525 0.00468094261131
1.01456985662 0.004646447465
1.01790396799 0.00461235465599
1.02123807936 0.00457843793836
1.02457219073 0.00454456372473
1.0279063021 0.0045107352107
1.03124041347 0.00447716024353
1.03457452484 0.0044441812609
1.03790863621 0.00441140668251
1.04124274758 0.00437872878822
1.04457685895 0.00434643879557
1.04791097032 0.00431424124128
1.05124508169 0.00428209701762
1.05457919306 0.00425004043676
1.05791330443 0.00421822448089
1.06124741581 0.00418702419573
1.06458152718 0.00415592653975
1.06791563855 0.00412497521733
1.07124974992 0.00409438540556
1.07458386129 0.0040638431624
1.07791797266 0.00403335803976
1.08125208403 0.00400299073067
1.0845861954 0.00397282662612
1.08792030677 0.00394329291061
1.09125441814 0.00391380945191
1.09458852951 0.00388448285838
1.09792264088 0.00385551125655
1.10125675225 0.00382656198467
1.10459086362 0.00379766731309
1.10792497499 0.00376890997675
1.11125908636 0.00374029668877
1.11459319773 0.00371232397797
1.1179273091 0.00368439347429
1.12126142047 0.00365659541919
1.12459553184 0.00362916356929
1.12792964321 0.00360174642103
1.13126375458 0.00357437573702
1.13459786596 0.0035471523342
1.13793197733 0.00351999472518
1.1412660887 0.00349348376573
1.14460020007 0.00346704644104
1.14793431144 0.00344068617131
1.15126842281 0.00341471901066
1.15460253418 0.00338877473636
1.15793664555 0.00336286357814
1.16127075692 0.00333710122463
1.16460486829 0.00331135420943
1.16793897966 0.00328616741363
1.17127309103 0.00326116493449
1.1746072024 0.00323616608874
1.17794131377 0.00321158267264
1.18127542514 0.00318705377548
1.18460953651 0.00316253946343
1.18794364788 0.0031381683273
1.19127775925 0.0031138287401
1.19461187062 0.00308979785634
1.19794598199 0.00306617332439
1.20128009336 0.00304254879243
1.20461420473 0.00301918713886
1.20794831611 0.00299601720625
1.21128242748 0.00297284727363
1.21461653885 0.00294979267861
1.21795065022 0.00292680433234
1.22128476159 0.00290382857054
1.22461887296 0.00288152288006
1.22795298433 0.00285922081922
1.2312870957 0.00283699158424
1.23462120707 0.00281512561559
1.23795531844 0.00279325964693
1.24128942981 0.00277143973133
1.24462354118 0.00274974782289
1.24795765255 0.00272805591445
1.25129176392 0.00270669079899
1.25462587529 0.00268565712861
1.25795998666 0.00266462345823
1.26129409803 0.00264386518049
1.2646282094 0.00262324956598
1.26796232077 0.00260263395147
1.27129643214 0.00258215149109
1.27463054351 0.00256170260566
1.27796465488 0.00254125372022
1.28129876626 0.00252136127718
1.28463287763 0.0025015432995
1.287966989 0.00248175079993
1.29130110037 0.00246232926092
1.29463521174 0.00244291177019
1.29796932311 0.00242353276146
1.30130343448 0.00240427424733
1.30463754585 0.00238501634627
1.30797165722 0.0023658612077
1.31130576859 0.00234720729531
1.31463987996 0.00232855368251
1.31797399133 0.00231003525309
1.3213081027 0.002291764509
1.32464221407 0.00227349427437
1.32797632544 0.00225531325969
1.33131043681 0.00223719506449
1.33464454818 0.00221907747149
1.33797865955 0.00220116790807
1.34131277092 0.00218362841792
1.34464688229 0.00216608919196
1.34798099366 0.00214875241982
1.35131510504 0.00213157991729
1.35464921641 0.00211441081827
1.35798332778 0.00209735644602
1.36131743915 0.00208032914424
1.36465155052 0.00206330252348
1.36798566189 0.00204652566988
1.37131977326 0.00203005187042
1.37465388463 0.00201357838749
1.377987996 0.0019973347909
1.38132210737 0.00198121182868
1.38465621874 0.00196511327879
1.38799033011 0.00194910338554
1.39132444148 0.00193311889234
1.39465855285 0.0019171352372
1.39799266422 0.00190138714318
1.40132677559 0.00188593163862
1.40466088696 0.00187048247043
1.40799499833 0.00185524556724
1.4113291097 0.00184012304347
1.41466322107 0.00182503743658
1.41799733244 0.00181002146763
1.42133144381 0.00179503328652
1.42466555519 0.00178004564764
1.42799966656 0.00176523384706
1.43133377793 0.00175074756856
1.4346678893 0.00173626946984
1.43800200067 0.0017219711943
1.44133611204 0.00170780190667
1.44467022341 0.00169367426202
1.44800433478 0.00167960347783
1.45133844615 0.00166556621252
1.45467255752 0.00165152913739
1.45800666889 0.00163762348472
1.46134078026 0.00162400458247
1.46467489163 0.0016104494601
1.468009003 0.00159702298453
1.47134311437 0.00158376138462
1.47467722574 0.0015705392618
1.47801133711 0.00155737355648
1.48134544848 0.00154423624255
1.48467955985 0.00153110578367
1.48801367122 0.00151804267202
1.49134778259 0.00150523154176
1.49468189396 0.00149256032395
1.49801600534 0.00147995854168
1.50135011671 0.00146754014811
1.50468422808 0.00145517164229
1.50801833945 0.00144287156409
1.51135245082 0.00143058557843
1.51468656219 0.00141831908222
1.51802067356 0.00140605264413
1.52135478493 0.00139399950413
1.5246888963 0.00138215098552
1.52802300767 0.00137036133155
1.53135711904 0.00135870175151
1.53469123041 0.0013471394848
1.53802534178 0.00133565732375
1.54135945315 0.00132418123558
1.54469356452 0.00131273505222
1.54802767589 0.00130129093074
1.55136178726 0.00128995530363
1.55469589863 0.00127879712363
1.55803001 0.0012677730956
1.56136412137 0.00125682998375
1.56469823274 0.00124604360469
1.56803234411 0.00123531605844
1.57136645549 0.00122462356025
1.57470056686 0.00121394179502
1.57803467823 0.00120327969571
1.5813687896 0.00119261759641
1.58470290097 0.00118215379946
1.58803701234 0.00117182881273
1.59137112371 0.0011616072378
1.59470523508 0.00115147556501
1.59803934645 0.00114145438549
1.60137345782 0.00113150602184
1.60470756919 0.00112155793911
1.60804168056 0.00111162927347
1.61137579193 0.00110171006966
1.6147099033 0.0010918565304
1.61804401467 0.00108213141056
1.62137812604 0.0010725764636
1.62471223741 0.00106310725844
1.62804634878 0.00105373525048
1.63138046015 0.00104445650582
1.63471457152 0.00103521487763
1.63804868289 0.00102597324944
1.64138279426 0.00101675610491
1.64471690564 0.00100754188263
1.64805101701 0.000998439934128
1.65138512838 0.000989424100604
1.65471923975 0.000980587596314
1.65805335112 0.000971801522711
1.66138746249 0.000963133895445
1.66472157386 0.000954550487546
1.66805568523 0.000945978553281
1.6713897966 0.00093740703728
1.67472390797 0.000928861082754
1.67805801934 0.000920315128228
1.68139213071 0.000911906016899
1.68472624208 0.000903555359578
1.68806035345 0.000895382654992
1.69139446482 0.000887242159476
1.69472857619 0.000879241382244
1.69806268756 0.000871294272702
1.70139679893 0.000863356453902
1.7047309103 0.000855419632513
1.70806502167 0.000847506412894
1.71139913304 0.000839593193274
1.71473324441 0.000831822347283
1.71806735579 0.000824085564253
1.72140146716 0.000816533931087
1.72473557853 0.000809004173012
1.7280696899 0.000801617027712
1.73140380127 0.000794268696607
1.73473791264 0.000786930578547
1.73807202401 0.000779592460486
1.74140613538 0.000772276831759
1.74474024675 0.000764961977433
1.74807435812 0.000757778803844
1.75140846949 0.000750619287005
1.75474258086 0.000743637287226
1.75807669223 0.000736684678785
1.7614108036 0.000729860065899
1.76474491497 0.000723078197781
1.76807902634 0.000716304694163
1.77141313771 0.000709533015714
1.77474724908 0.000702778797102
1.77808136045 0.000696029091871
1.78141547182 0.000689386778698
1.78474958319 0.00068278359929
1.78808369456 0.000676309830455
1.79141780594 0.000669901927282
1.79475191731 0.000663592794206
1.79808602868 0.000657345809035
1.80142014005 0.000651103538148
1.80475425142 0.000644866177391
1.80808836279 0.000638639681589
1.81142247416 0.000632423047599
1.81475658553 0.000626278370676
1.8180906969 0.000620199758605
1.82142480827 0.000614189222547
1.82475891964 0.000608294544166
1.82809303101 0.000602457749655
1.83142714238 0.000596714596335
1.83476125375 0.000590972011062
1.83809536512 0.000585237969043
1.84142947649 0.000579506963389
1.84476358786 0.00057379244522
1.84809769923 0.000568105576456
1.8514318106 0.000562520882444
1.85476592197 0.000556947946052
1.85810003334 0.000551520831426
1.86143414471 0.000546118672322
1.86476825609 0.000540847590417
1.86810236746 0.000535578428633
1.87143647883 0.000530313784342
1.8747705902 0.000525053174133
1.87810470157 0.000519805208824
1.88143881294 0.000514562962852
1.88477292431 0.000509419210785
1.88810703568 0.000504298891245
1.89144114705 0.000499258229356
1.89477525842 0.000494300420052
1.89810936979 0.00048942660498
1.90144348116 0.000484602454744
1.90477759253 0.000479778442955
1.9081117039 0.000474961652426
1.91144581527 0.000470147811203
1.91477992664 0.000465349090138
1.91811403801 0.000460585336526
1.92144814938 0.000455900940338
1.92478226075 0.000451236350103
1.92811637212 0.000446669740561
1.93145048349 0.000442158465003
1.93478459486 0.000437744248885
1.93811870624 0.000433337598593
1.94145281761 0.000428932273276
1.94478692898 0.000424533237424
1.94812104035 0.000420141637327
1.95145515172 0.000415758773267
1.95478926309 0.000411451582955
1.95812337446 0.000407175736582
1.96145748583 0.000402937598075
1.9647915972 0.00039880038033
1.96812570857 0.000394721722545
1.97145981994 0.000390705567091
1.97479393131 0.000386689715767
1.97812804268 0.000382676277493
1.98146215405 0.000378667533386
1.98479626542 0.000374669355623
1.98813037679 0.000370676907255
1.99146448816 0.000366783298092
1.99479859953 0.000362900499169
1.9981327109 0.000359053889864
2.00146682227 0.000355310191952
2.00480093364 0.000351617787704
2.00813504502 0.000347966808269
2.01146915639 0.000344316113374
2.01480326776 0.000340668142393
2.01813737913 0.000337024101117
2.0214714905 0.000333391912081
2.02480560187 0.000329782463211
2.02813971324 0.000326245829348
2.03147382461 0.000322729077822
2.03480793598 0.000319241162528
2.03814204735 0.000315854566667
2.04147615872 0.000312514420006
2.04481027009 0.000309204047746
2.04814438146 0.000305893912056
2.05147849283 0.000302586166932
2.0548126042 0.000299282278171
2.05814671557 0.000295989992697
2.06148082694 0.000292727954507
2.06481493831 0.000289524068667
2.06814904968 0.000286344590604
2.07148316105 0.000283184837659
2.07481727242 0.000280124998777
2.07815138379 0.000277105755403
2.08148549517 0.000274112428365
2.08481960654 0.000271119288202
2.08815371791 0.000268127683983
2.09148782928 0.000265140425237
2.09482194065 0.000262163271447
2.09815605202 0.000259216047119
2.10149016339 0.000256321701438
2.10482427476 0.000253452533464
2.10815838613 0.000250595204545
2.1114924975 0.000247831454652
2.11482660887 0.000245104293872
2.11816072024 0.000242405397092
2.12149483161 0.000239706701008
2.12482894298 0.000237008277738
2.12816305435 0.000234315133219
2.13149716572 0.0002316296075
2.13483127709 0.000228967410654
2.13816538846 0.000226360401003
2.14149949983 0.000223776308373
2.1448336112 0.00022120483119
2.14816772257 0.000218701565924
2.15150183394 0.000216239931507
2.15483594532 0.000213813911334
2.15817005669 0.000211388127628
2.16150416806 0.000208962554798
2.16483827943 0.000206540448498
2.1681723908 0.000204124278497
2.17150650217 0.000201719960625
2.17484061354 0.000199379068696
2.17817472491 0.000197056464924
2.18150883628 0.000194747478135
2.18484294765 0.000192479884595
2.18817705902 0.000190259415637
2.19151117039 0.000188085825698
2.19484528176 0.000185912342903
2.19817939313 0.00018373907078
2.2015135045 0.000181567135327
2.20484761587 0.000179399243035
2.20818172724 0.000177240505768
2.21151583861 0.000175133107991
2.21484994998 0.00017304998081
2.21818406135 0.000170981624455
2.22151817272 0.000168931002938
2.22485228409 0.000166937795931
2.22818639547 0.000164984819283
2.23152050684 0.000163044071739
2.23485461821 0.000161103489612
2.23818872958 0.000159163115402
2.24152284095 0.000157225915864
2.24485695232 0.000155295395627
2.24819106369 0.000153393714913
2.25152517506 0.000151529549831
2.25485928643 0.000149683362017
2.2581933978 0.000147853629055
2.26152750917 0.000146048393119
2.26486162054 0.000144290020741
2.26819573191 0.000142563465781
2.27152984328 0.000140836910821
2.27486395465 0.00013911056294
2.27819806602 0.000137384799588
2.28153217739 0.000135663120971
2.28486628876 0.000133949190333
2.28820040013 0.000132287009697
2.2915345115 0.000130643050991
2.29486862287 0.00012901282419
2.29820273424 0.000127389768592
2.30153684562 0.000125806266717
2.30487095699 0.000124265158888
2.30820506836 0.000122735078219
2.31153917973 0.000121205010114
2.3148732911 0.00011967515867
2.31820740247 0.000118146793448
2.32154151384 0.000116623887064
2.32487562521 0.000115124864188
2.32820973658 0.000113661235089
2.33154384795 0.000112212841515
2.33487795932 0.000110777277872
2.33821207069 0.000109342890122
2.34154618206 0.000107957835205
2.34488029343 0.000106607427548
2.3482144048 0.000105257019891
2.35154851617 0.000103906623175
2.35488262754 0.000102556440267
2.35821673891 0.000101208179105
2.36155085028 9.98661192116e-05
2.36488496165 9.8559136896e-05
2.36821907302 9.72763073702e-05
2.37155318439 9.60070988432e-05
2.37488729577 9.47427157028e-05
2.37822140714 9.34865678291e-05
2.38155551851 9.22768181419e-05
2.38488962988 9.10901841254e-05
2.38822374125 8.99035501089e-05
2.39155785262 8.87169160924e-05
2.39489196399 8.75304796362e-05
2.39822607536 8.63460284816e-05
2.40156018673 8.51680098436e-05
2.4048942981 8.4031272544e-05
2.40822840947 8.29108191953e-05
2.41156252084 8.18021980054e-05
2.41489663221 8.06935768155e-05
2.41823074358 7.9595053435e-05
2.42156485495 7.85408420009e-05
2.42489896632 7.75029677521e-05
2.42823307769 7.64650935033e-05
2.43156718906 7.54272192545e-05
2.43490130043 7.43894803372e-05
2.4382354118 7.33535192168e-05
2.44156952317 7.23280636009e-05
2.44490363454 7.13394723744e-05
2.44823774592 7.03648436548e-05
2.45157185729 6.9397442057e-05
2.45490596866 6.84300404592e-05
2.45824008003 6.74705923225e-05
2.4615741914 6.65540253466e-05
2.46490830277 6.56507661667e-05
2.46824241414 6.47475069867e-05
2.47157652551 6.38442478067e-05
2.47491063688 6.2941045793e-05
2.47824474825 6.20392023031e-05
2.48157885962 6.11484996361e-05
2.48491297099 6.0291264099e-05
2.48824708236 5.94470348769e-05
2.49158119373 5.86071690648e-05
2.4949153051 5.77673032528e-05
2.49824941647 5.69303010355e-05
2.50158352784 5.61352302722e-05
2.50491763921 5.5353290416e-05
2.50825175058 5.45713505597e-05
2.51158586195 5.37894107034e-05
2.51491997332 5.30074730775e-05
2.51825408469 5.22262613592e-05
2.52158819607 5.14534733337e-05
2.52492230744 5.07132128733e-05
2.52825641881 4.99851901007e-05
2.53159053018 4.92600180123e-05
2.53492464155 4.85348459238e-05
2.53825875292 4.78096738353e-05
2.54159286429 4.71173419728e-05
2.54492697566 4.64442603742e-05
2.54826108703 4.57711787756e-05
2.5515951984 4.5098097177e-05
2.55492930977 4.44250155784e-05
2.55826342114 4.3752013068e-05
2.56159753251 4.30830106155e-05
2.56493164388 4.24455877145e-05
2.56826575525 4.18207449113e-05
2.57159986662 4.1198247975e-05
2.57493397799 4.05757510388e-05
2.57826808936 3.99532541025e-05
2.58160220073 3.93465928769e-05
2.5849363121 3.87707257012e-05
2.58827042347 3.81948585254e-05
2.59160453484 3.76189913496e-05
2.59493864622 3.70431241739e-05
2.59827275759 3.64672569981e-05
2.60160686896 3.58929621782e-05
2.60494098033 3.53416764646e-05
2.6082750917 3.4808091495e-05
2.61160920307 3.42770580868e-05
2.61494331444 3.37460246786e-05
2.61827742581 3.32149912704e-05
2.62161153718 3.26861975491e-05
2.62494564855 3.21923904553e-05
2.62827975992 3.17028916505e-05
2.63161387129 3.12133928457e-05
2.63494798266 3.07238940408e-05
2.63828209403 3.0234395236e-05
2.6416162054 2.97449181207e-05
2.64495031677 2.92674013134e-05
2.64828442814 2.88138955062e-05
2.65161853951 2.83639013335e-05
2.65495265088 2.79139071607e-05
2.65828676225 2.7463912988e-05
2.66162087362 2.70139188153e-05
2.66495498499 2.65809315627e-05
2.66828909637 2.61677337505e-05
2.67162320774 2.57545359384e-05
2.67495731911 2.53413381263e-05
2.67829143048 2.49281403142e-05
2.68162554185 2.45149425021e-05
2.68495965322 2.41028023388e-05
2.68829376459 2.37164299907e-05
2.69162787596 2.33378182354e-05
2.69496198733 2.29592064801e-05
2.6982960987 2.25805947248e-05
2.70163021007 2.22019829695e-05
2.70496432144 2.18233712143e-05
2.70829843281 2.14731319087e-05
2.71163254418 2.11269254429e-05
2.71496665555 2.0780718977e-05
2.71830076692 2.04345125111e-05
2.72163487829 2.00883060453e-05
2.72496898966 1.97420995794e-05
2.72830310103 1.94055869083e-05
2.7316372124 1.90887774243e-05
2.73497132377 1.87726424066e-05
2.73830543515 1.84565073888e-05
2.74163954652 1.81403723711e-05
2.74497365789 1.78242373534e-05
2.74830776926 1.75134960691e-05
2.75164188063 1.72257153058e-05
2.754975992 1.69379345425e-05
2.75831010337 1.66501537792e-05
2.76164421474 1.63623730159e-05
2.76497832611 1.60745922526e-05
2.76831243748 1.57868114893e-05
2.77164654885 1.55170902687e-05
2.77498066022 1.52552572671e-05
2.77831477159 1.49934242655e-05
2.78164888296 1.4731591264e-05
2.78498299433 1.44697582624e-05
2.7883171057 1.42079252608e-05
2.79165121707 1.39560981994e-05
2.79498532844 1.37188996812e-05
2.79831943981 1.3481701163e-05
2.80165355118 1.32445026448e-05
2.80498766255 1.30073041266e-05
2.80832177392 1.27701056083e-05
2.8116558853 1.25334544041e-05
2.81498999667 1.23177878225e-05
2.81832410804 1.21027974176e-05
2.82165821941 1.18878070127e-05
2.82499233078 1.16728166078e-05
2.82832644215 1.14578262029e-05
2.83166055352 1.1242835798e-05
2.83499466489 1.10389614587e-05
2.83832877626 1.08452110573e-05
2.84166288763 1.06514606559e-05
2.844996999 1.04577102545e-05
2.84833111037 1.02639598531e-05
2.85166522174 1.00702094517e-05
2.85499933311 9.88034388303e-06
2.85833344448 9.70520364484e-06
2.86166755585 9.53028784227e-06
2.86500166722 9.35537293264e-06
2.86833577859 9.18045802302e-06
2.87166988996 9.00554311339e-06
2.87500400133 8.83062820376e-06
2.8783381127 8.66555186252e-06
2.88167222407 8.5088000434e-06
2.88500633545 8.35204822428e-06
2.88834044682 8.19529640515e-06
2.89167455819 8.03854458603e-06
2.89500866956 7.8817927669e-06
2.89834278093 7.73003044638e-06
2.9016768923 7.58880037357e-06
2.90501100367 7.44785002137e-06
2.90834511504 7.30691508277e-06
2.91167922641 7.16598014417e-06
2.91501333778 7.02504520557e-06
2.91834744915 6.88411026697e-06
2.92168156052 6.75027035722e-06
2.92501567189 6.624723379e-06
2.92834978326 6.49917640079e-06
2.93168389463 6.37362942257e-06
2.935018006 6.24808244435e-06
2.93835211737 6.12253546613e-06
2.94168622874 6.0014292781e-06
2.94502034011 5.88853932894e-06
2.94835445148 5.77609950554e-06
2.95168856285 5.66369293324e-06
2.95502267422 5.55128636094e-06
2.9583567856 5.43887978865e-06
2.96169089697 5.32647321635e-06
2.96502500834 5.21769945907e-06
2.96835911971 5.11819844029e-06
2.97169323108 5.01869742151e-06
2.97502734245 4.91919640273e-06
2.97836145382 4.81969538395e-06
2.98169556519 4.72019436517e-06
2.98502967656 4.6237319249e-06
2.98836378793 4.53422466166e-06
2.9916978993 4.44546799998e-06
2.99503201067 4.35674642261e-06
2.99836612204 4.26803615308e-06
3.00170023341 4.17932588356e-06
3.00503434478 4.09061561403e-06
3.00836845615 4.0033826188e-06
3.01170256752 3.92393036559e-06
3.01503667889 3.84592535936e-06
3.01837079026 3.76792035314e-06
3.02170490163 3.68991534691e-06
3.025039013 3.61191034069e-06
3.02837312437 3.5353734065e-06
3.03170723575 3.46491534143e-06
3.03504134712 3.3954904151e-06
3.03837545849 3.32620992019e-06
3.04170956986 3.2569579568e-06
3.04504368123 3.18770625115e-06
3.0483777926 3.1184545455e-06
3.05171190397 3.04927361993e-06
3.05504601534 2.98543584812e-06
3.05838012671 2.92495949024e-06
3.06171423808 2.86448313235e-06
3.06504834945 2.80400677447e-06
3.06838246082 2.74353041659e-06
3.07171657219 2.68385850413e-06
3.07505068356 2.62796633365e-06
3.07838479493 2.57415229791e-06
3.0817189063 2.52064883515e-06
3.08505301767 2.46716438706e-06
3.08838712904 2.41369729509e-06
3.09172124041 2.36023020312e-06
3.09505535178 2.30676311115e-06
3.09838946315 2.25506486156e-06
3.10172357452 2.20798432355e-06
3.1050576859 2.1616211534e-06
3.10839179727 2.11525798324e-06
3.11172590864 2.06889481309e-06
3.11506002001 2.02282866903e-06
3.11839413138 1.97873886974e-06
3.12172824275 1.93729824773e-06
3.12506235412 1.89631212102e-06
3.12839646549 1.85546134512e-06
3.13173057686 1.81462489015e-06
3.13506468823 1.77380022563e-06
3.1383987996 1.7329755611e-06
3.14173291097 1.69238333962e-06
3.14506702234 1.65457105133e-06
3.14840113371 1.61942151188e-06
3.15173524508 1.58427197243e-06
3.15506935645 1.54912243298e-06
3.15840346782 1.51404687833e-06
3.16173757919 1.47979013078e-06
3.16507169056 1.44764640833e-06
3.16840580193 1.4164879766e-06
3.1717399133 1.38559086396e-06
3.17507402467 1.3547397112e-06
3.17840813605 1.3238988623e-06
3.18174224742 1.29306712726e-06
3.18507635879 1.26223539222e-06
3.18841047016 1.23229456474e-06
3.19174458153 1.20457983671e-06
3.1950786929 1.17821982015e-06
3.19841280427 1.15185980359e-06
3.20174691564 1.12549978703e-06
3.20508102701 1.09943784394e-06
3.20841513838 1.07428929149e-06
3.21174924975 1.0507570303e-06
3.21508336112 1.02751382098e-06
3.21841747249 1.0044540585e-06
3.22175158386 9.81402038427e-07
3.22508569523 9.58356958865e-07
3.2284198066 9.35320115125e-07
3.23175391797 9.12283271386e-07
3.23508802934 8.90345457896e-07
3.23842214071 8.70109482564e-07
3.24175625208 8.50548798876e-07
3.24509036345 8.30988115188e-07
3.24842447482 8.11506960625e-07
3.2517585862 7.92416569866e-07
3.25509269757 7.74186288971e-07
3.25842680894 7.56815357772e-07
3.26176092031 7.39629219122e-07
3.26509503168 7.22575398203e-07
3.26842914305 7.05527354813e-07
3.27176325442 6.88483510406e-07
3.27509736579 6.71447989142e-07
3.27843147716 6.54412467878e-07
3.28176558853 6.38423764269e-07
3.2850996999 6.23670422773e-07
3.28843381127 6.09301920528e-07
3.29176792264 5.94933418284e-07
3.29510203401 5.80714235746e-07
3.29843614538 5.66795030436e-07
3.30177025675 5.53634426583e-07
3.30510436812 5.40923700448e-07
3.30843847949 5.28332774593e-07
3.31177259086 5.15846648265e-07
3.31510670223 5.03364114225e-07
3.3184408136 4.90884327222e-07
3.32177492497 4.78411904991e-07
3.32510903635 4.66014412457e-07
3.32844314772 4.54336710519e-07
3.33177725909 4.4357451362e-07
3.33511137046 4.33123100414e-07
3.33844548183 4.22676392162e-07
3.3417795932 4.12380975057e-07
3.34511370457 4.02311608111e-07
3.34844781594 3.92838540729e-07
3.35178192731 3.8361456464e-07
3.35511603868 3.74475562988e-07
3.35845015005 3.65417586443e-07
3.36178426142 3.56365855996e-07
3.36511837279 3.47317451778e-07
3.36845248416 3.38272445598e-07
3.37178659553 3.29288058334e-07
3.3751207069 3.20836226611e-07
3.37845481827 3.12968180408e-07
3.38178892964 3.05438728684e-07
3.38512304101 2.97939355648e-07
3.38845715238 2.90537270136e-07
3.39179126375 2.8329260465e-07
3.39512537513 2.76487749479e-07
3.3984594865 2.69847782124e-07
3.40179359787 2.63282294285e-07
3.40512770924 2.56763316087e-07
3.40846182061 2.50262295045e-07
3.41179593198 2.43764889171e-07
3.41513004335 2.3726789123e-07
3.41846415472 2.30777425911e-07
3.42179826609 2.24719785905e-07
3.42513237746 2.18950284416e-07
3.42846648883 2.13578336677e-07
3.4318006002 2.08239461591e-07
3.43513471157 2.02962728458e-07
3.43846882294 1.97795682764e-07
3.44180293431 1.92915252907e-07
3.44513704568 1.88173886572e-07
3.44847115705 1.83503634585e-07
3.45180526842 1.78852442928e-07
3.45513937979 1.74230115206e-07
3.45847349116 1.69609248004e-07
3.46180760253 1.64989719325e-07
3.4651417139 1.60371976533e-07
3.46847582528 1.56014605218e-07
3.47180993665 1.51771175433e-07
3.47514404802 1.4797804297e-07
3.47847815939 1.44211147005e-07
3.48181227076 1.40479908558e-07
3.48514638213 1.3683289112e-07
3.4884804935 1.33338644272e-07
3.49181460487 1.29992004447e-07
3.49514871624 1.26693505791e-07
3.49848282761 1.23405739136e-07
3.50181693898 1.20152361989e-07
3.50515105035 1.1689989677e-07
3.50848516172 1.13649451372e-07
3.51181927309 1.10399066945e-07
3.51515338446 1.07271355445e-07
3.51848749583 1.0425297846e-07
3.5218216072 1.01492017715e-07
3.52515571857 9.8859206701e-08
3.52848982994 9.62498612632e-08
3.53182394131 9.3696918994e-08
3.53515805268 9.12004736914e-08
3.53849216405 8.88692785933e-08
3.54182627543 8.65559078783e-08
3.5451603868 8.42672026071e-08
3.54849449817 8.19901220443e-08
3.55182860954 7.97272036073e-08
3.55516272091 7.74647728894e-08
3.55849683228 7.52033871824e-08
3.56183094365 7.2964948168e-08
3.56516505502 7.08697773643e-08
3.56849916639 6.882463172e-08
3.57183327776 6.70033518408e-08
3.57516738913 6.52020633134e-08
3.5785015005 6.34290932007e-08
3.58183561187 6.16720458775e-08
3.58516972324 6.00457671463e-08
3.58850383461 5.844111236e-08
3.59183794598 5.68645415084e-08
3.59517205735 5.52903133823e-08
3.59850616872 5.37314878692e-08
3.60184028009 5.21758705658e-08
3.60517439146 5.06208850717e-08
3.60850850283 4.906638739e-08
3.6118426142 4.75883983561e-08
3.61517672558 4.61517186382e-08
3.61851083695 4.48262646088e-08
3.62184494832 4.35993749562e-08
3.62517905969 4.23813300606e-08
3.62851317106 4.11849094734e-08
3.63184728243 4.00299415974e-08
3.6351813938 3.89404489457e-08
3.63851550517 3.78580318174e-08
3.64184961654 3.67900958072e-08
3.64518372791 3.57235540053e-08
3.64851783928 3.46689450718e-08
3.65185195065 3.36143361382e-08
3.65518606202 3.25603001191e-08
3.65852017339 3.15126486634e-08
3.66185428476 3.05405942473e-08
3.66518839613 2.9569505607e-08
3.6685225075 2.87250057117e-08
3.67185661887 2.79014501688e-08
3.67519073024 2.70957214697e-08
3.67852484161 2.62932594393e-08
3.68185895298 2.55512161939e-08
3.68519306435 2.48223957906e-08
3.68852717573 2.41031826753e-08
3.6918612871 2.33894877317e-08
3.69519539847 2.26784534973e-08
3.69852950984 2.19742005039e-08
3.70186362121 2.12699475105e-08
3.70519773258 2.05661298325e-08
3.70853184395 1.98847620645e-08
3.71186595532 1.9237315369e-08
3.71520006669 1.85991803721e-08
3.71853417806 1.80556146187e-08
3.72186828943 1.75162319371e-08
3.7252024008 1.69863976545e-08
3.72853651217 1.64645381595e-08
3.73187062354 1.59856854402e-08
3.73520473491 1.55068327209e-08
3.73853884628 1.50367702018e-08
3.74187295765 1.45683344371e-08
3.74520706902 1.41022781354e-08
3.74854118039 1.36404674213e-08
3.75187529176 1.31786567072e-08
3.75520940313 1.2717130586e-08
3.7585435145 1.22798888287e-08
3.76187762588 1.18573928124e-08
3.76521173725 1.14499794464e-08
3.76854584862 1.1098815141e-08
3.77187995999 1.07537913321e-08
3.77521407136 1.04118085782e-08
3.77854818273 1.00829554781e-08
3.7818822941 9.77416074096e-09
3.78521640547 9.46536600379e-09
3.78855051684 9.16345268198e-09
3.79188462821 8.86186952686e-09
3.79521873958 8.56182267391e-09
3.79855285095 8.26480221323e-09
3.80188696232 7.96778175255e-09
3.80522107369 7.67091509904e-09
3.80855518506 7.3931133915e-09
3.81188929643 7.12230657646e-09
3.8152234078 6.86151252536e-09
3.81855751917 6.63918213361e-09
3.82189163054 6.42251695696e-09
3.82522574191 6.20622887327e-09
3.82855985328 6.00187989645e-09
3.83189396465 5.80778298888e-09
3.83522807603 5.61368608131e-09
3.8385621874 5.42412564722e-09
3.84189629877 5.23472334079e-09
3.84523041014 5.04599839158e-09
3.84856452151 4.85975480535e-09
3.85189863288 4.67351121913e-09
3.85523274425 4.48732187419e-09
3.85856685562 4.31442544521e-09
3.86190096699 4.14621027942e-09
3.86523507836 3.98048499517e-09
3.86856918973 3.84341207255e-09
3.8719033011 3.70974801306e-09
3.87523741247 3.57608395357e-09
3.87857152384 3.45094293553e-09
3.88190563521 3.3318827174e-09
3.88523974658 3.21282249927e-09
3.88857385795 3.0965250681e-09
3.89190796932 2.98060389626e-09
3.89524208069 2.86468272442e-09
3.89857619206 2.75080209731e-09
3.90191030343 2.63693719155e-09
3.9052444148 2.52307228578e-09
3.90857852618 2.41722172178e-09
3.91191263755 2.31539895795e-09
3.91524674892 2.21394441046e-09
3.91858086029 2.12965172683e-09
3.92191497166 2.05016979657e-09
3.92524908303 1.97068786631e-09
3.9285831944 1.89614060038e-09
3.93191730577 1.82592687829e-09
3.93525141714 1.75571315621e-09
3.93858552851 1.68693654319e-09
3.94191963988 1.61878860318e-09
3.94525375125 1.55064066317e-09
3.94858786262 1.48341454225e-09
3.95192197399 1.4166415251e-09
3.95525608536 1.34986850795e-09
3.95859019673 1.28696772339e-09
3.9619243081 1.22793888188e-09
3.96525841947 1.16907095168e-09
3.96859253084 1.11745854404e-09
3.97192664221 1.07291925298e-09
3.97526075358 1.02837996191e-09
3.97859486495 9.85795067526e-10
3.98192897633 9.46339397479e-10
3.9852630877 9.06883727432e-10
3.98859719907 8.67969420577e-10
3.99193131044 8.2982478219e-10
3.99526542181 7.91680143803e-10
3.99859953318 7.53760564266e-10
4.00193364455 7.16520751974e-10
4.00526775592 6.79280939681e-10
4.00860186729 6.43120467286e-10
4.01193597866 6.10105967205e-10
4.01527009003 5.77172158174e-10
4.0186042014 5.45457716873e-10
4.02193831277 5.21587441081e-10
4.02527242414 4.97778904103e-10
4.02860653551 4.74391033491e-10
4.03194064688 4.53594181526e-10
4.03527475825 4.32797329562e-10
4.03860886962 4.12023419738e-10
4.04194298099 3.91945669889e-10
4.04527709236 3.71867920041e-10
4.04861120373 3.51790170192e-10
4.05194531511 3.32130005e-10
4.05527942648 3.12626495613e-10
4.05861353785 2.93122986226e-10
4.06194764922 2.75735658421e-10
4.06528176059 2.58569694038e-10
4.06861587196 2.41403729655e-10
4.07194998333 2.27476860966e-10
4.0752840947 2.15251532502e-10
4.07861820607 2.03056565631e-10
4.08195231744 1.9244395137e-10
4.08528642881 1.82231598706e-10
4.08862054018 1.72019246043e-10
4.09195465155 1.62042309224e-10
4.09528876292 1.52255973578e-10
4.09862287429 1.42469637933e-10
4.10195698566 1.32716639168e-10
4.10529109703 1.23245274963e-10
4.1086252084 1.13773910758e-10
4.11195931977 1.04996096347e-10
4.11529343114 9.70488691054e-11
4.11862754251 8.91153981e-11
4.12196165388 8.12965370408e-11
4.12529576526 7.60328821044e-11
4.12862987663 7.07914953024e-11
4.131963988 6.59191174248e-11
4.13529809937 6.16735071485e-11
4.13863221074 5.74278968722e-11
4.14196632211 5.31822865959e-11
4.14530043348 4.92101178045e-11
4.14863454485 4.52449576378e-11
4.15196865622 4.1279797471e-11
4.15530276759 3.73864160896e-11
4.15863687896 3.36078541693e-11
4.16197099033 2.9829292249e-11
4.1653051017 2.67247220359e-11
4.16863921307 2.3701131438e-11
4.17197332444 2.0683298917e-11
4.17530743581 1.82710925899e-11
4.17864154718 1.70108194573e-11
4.18197565855 1.57641270868e-11
4.18530976992 1.45286622113e-11
4.18864388129 1.32931973357e-11
4.19197799266 1.20577324602e-11
4.19531210403 1.08636918309e-11
4.19864621541 9.76670467451e-12
4.20198032678 8.6697175181e-12
4.20531443815 7.57273036169e-12
4.20864854952 6.54498539062e-12
4.21198266089 5.5708372207e-12
4.21531677226 4.59668905078e-12
4.21865088363 3.62254088086e-12
4.221984995 2.65332052203e-12
4.22531910637 1.68727413971e-12
4.22865321774 1.19610050611e-12
4.23198732911 1.09788339913e-12
4.23532144048 1.00541078127e-12
4.23865555185 9.20801026958e-13
4.24198966322 8.36191272642e-13
4.24532377459 7.51581518326e-13
4.24865788596 6.6697176401e-13
4.25199199733 5.82362009694e-13
4.2553261087 4.97752255377e-13
4.25866022007 4.13142501061e-13
4.26199433144 3.67525953248e-13
4.26532844281 3.43570347709e-13
4.26866255418 3.19614742169e-13
4.27199666556 2.95659136629e-13
